a 3 2 1 48 6 0 +2 = 75 198.9403433 837
b 0 1 0 0 0 3 +2 = 255 452.9653659 1089
b 3 2 1 12 24 48 +2 = 9 262.9793309 738
a 96 12 6 0 6 96 +2 = -1
b 96 96 2 0 1 2 +3 = -1
a 96 12 6 0 6 2 +3 = 3 3 3
b 48 3 2 96 12 3 +1 = 0 0 0
a 0 1 3 3 6 12 +1 = -1
a 48 3 3 0 0 3 +3 = -1
b 1 12 3 1 2 0 +3 = 228 425.9896533 1062
b 48 96 3 3 12 0 +1 = 0 0 0
a 48 3 2 96 12 6 +2 = -1
b 96 12 6 0 12 2 +1 = -1
b 0 1 0 0 0 2 +3 = 258 455.9658287 1092
a 0 0 0 0 0 6 +3 = 249 446.9571735 1083
b 3 2 1 24 96 48 +2 = 9 19.16666667 36
b 1 12 3 1 2 6 +2 = 81 326.6626865 1053
b 48 96 3 3 12 1 +3 = 0 0 0
b 3 2 1 24 96 48 +3 = 9 9 9
a 0 1 0 0 0 6 +3 = 249 446.9633164 1083
b 96 12 6 0 6 3 +1 = 0 0 0
b 48 3 3 0 0 0 +1 = -1
a 6 192 96 12 3 96 +2 = -1
b 0 1 0 0 0 2 +2 = -1
a 96 12 6 0 12 2 +3 = 48 89.98140527 300
a 1 12 24 24 12 96 +1 = -1
b 48 3 3 0 0 0 +3 = -1
b 1 12 3 1 2 0 +2 = 90 419.2128924 1062
b 0 0 0 0 0 3 +2 = 255 452.9655824 1089
b 96 192 12 0 1 3 +3 = -1
b 0 1 0 0 0 1 +3 = -1
b 0 0 0 0 0 3 +1 = 255 452.9655824 1089
b 96 12 6 0 6 96 +1 = -1
a 48 3 2 96 12 3 +3 = -1
a 0 1 0 0 0 0 +3 = 258 455.9653659 1092
a 3 2 1 12 24 48 +1 = -1
a 3 2 1 48 6 0 +3 = 75 185.9640455 837
b 48 96 3 3 12 0 +3 = 6 6 6
a 96 12 6 0 12 1 +3 = 48 89.98140527 300
b 48 3 2 96 12 6 +1 = 0 0 0
a 0 1 0 0 0 3 +2 = 255 452.9656906 1089
b 0 1 0 0 0 3 +1 = -1
b 3 2 1 24 0 1 +2 = 174 371.2900028 1008
a 0 0 0 0 0 1 +2 = 258 455.9658287 1092
b 0 1 3 3 6 2 +1 = 81 433.6777427 1077
b 2 1 24 6 96 96 +1 = -1
a 48 3 2 96 12 6 +1 = -1
b 48 3 3 0 0 2 +2 = -1
b 96 12 6 0 6 3 +2 = 0 0 0
a 96 12 6 0 12 2 +1 = 30 30 30
